	1	2	3	4	5	6	7	8	9	10	11	12	13	14	15	16	17	18	19	20	21	22	23	24	25	26	27	28	29	30	31	32	33	34	35	36	37	38	39	40	41	42	43	44	45	46	47	48	49	50	51	52	53	54	55	56
1	0.0	2.219722195113498e-32	-9.77904502329231e-33	-9.859870562636545e-33	-1.0806809118131688e-33	-2.4564312358515923e-33	-9.335760615540716e-34	-1.6694256642501815e-33	-3.134996165287416e-34	-7.6687465819820225e-34	-2.04231917796524e-34	2.047981597737349e-34	-6.933761201430393e-34	1.0983429180427935e-34	-2.3048468855464617e-33	3.906954543146324e-33	-1.880780990225174e-32	5.538364780651146e-32	-5.937526400677202e-32	8.590168310274368e-32	-3.411272850771606e-32	2.2802280570688687e-32	5.891968849211744e-33	-3.358674080596266e-33	-5.707084265657443e-33	-4.812606079946757e-33	-5.645988916750019e-33	-6.206011526183282e-33	-6.376392450194684e-33	-4.982490984960256e-33	-4.274386465544161e-33	-4.0309551973889545e-33	-3.3836461776774607e-33	-2.7985938047489424e-33	-2.4601936841897514e-33	-2.0334238116971152e-33	-1.2801124274319842e-33	-1.6425637954707966e-33	1.149169423292812e-34	1.0400113981035764e-34	-6.063275866830468e-34	1.7318978859182256e-33	-2.9568648786125836e-33	6.0962895811145007e-33	-5.935335247468072e-33	5.458027556316518e-33	-1.0578759583816526e-32	-1.7156991662824893e-32	2.6254119072397073e-32	4.145100852449088e-32	-1.4457102106788088e-32	5.9080916284661084e-33	-2.4565170036641224e-33	6.878941596680432e-34	-5.4108733737669335e-34	-1.2279267547506934e-33
2	2.219722195113498e-32	0.0	2.1536512210683345e-32	-5.5768653363512935e-33	-5.4843446080336894e-33	2.144747728371432e-33	-2.990050245562572e-33	1.730069300699938e-35	-1.3995171052353339e-33	-1.0631227434507535e-33	-4.287028531495655e-34	5.230215835962563e-34	-3.3125745350712362e-34	5.433122450285618e-34	-2.838522253519829e-33	3.421457327642638e-33	-1.7398209504923037e-32	1.459063504456182e-31	-1.3095314713741077e-31	1.6593936550692205e-31	-2.9960757791601615e-32	3.037767794280476e-32	-5.656534506895226e-34	-1.2086435386196935e-32	-1.7816973160407997e-32	-1.928361204699473e-32	-1.4285073290964868e-32	-1.2410363028181962e-32	-1.293807038906403e-32	-9.840574615034938e-33	-6.94123264612542e-33	-6.036823508631613e-33	-5.3508564464018975e-33	-4.202993284063389e-33	-3.210477917578051e-33	-2.4582212218000266e-33	-2.1847838988682728e-33	-1.8925874801510878e-33	1.443771337432142e-33	-1.0820804539647614e-33	6.4537579381402175e-34	-5.224671136037554e-35	-1.3961087992617421e-33	4.982862692040073e-33	-3.953429598999221e-33	1.805544966827834e-33	-2.2578125879070407e-34	-9.719153889808898e-33	-9.219676571073566e-33	3.7767313022410595e-32	-8.90257303386456e-33	-1.516855380608331e-33	1.1790534788096792e-33	-1.3991902592778732e-33	1.0466504361477524e-33	-2.7584449338998654e-34
3	-9.77904502329231e-33	2.1536512210683345e-32	0.0	2.3502251920419527e-32	-6.30617132652854e-33	-2.492856371521909e-33	2.1495535379727426e-33	-5.157642256441769e-36	1.896408859840267e-33	9.09602271624494e-34	-4.4026908421243325e-34	1.0332617165454463e-33	-2.023841880756998e-33	4.324310047533609e-33	-3.8751676236792273e-33	2.1245330622053355e-32	4.598958749895897e-32	-9.097733549803957e-31	1.2277758760062943e-31	5.129556761692993e-33	3.3779667783177694e-32	-6.253133214188072e-32	-2.1013145169236868e-32	4.691625425556034e-33	7.653306485414235e-33	3.714683042880498e-33	1.9960158315644343e-32	1.9517533796241045e-32	2.412031763586714e-32	1.6392907305861703e-32	1.09188716263829e-32	9.870889819256387e-33	8.406120463543785e-33	6.1015387322968165e-33	4.7529340573438025e-33	3.2201182352375904e-33	3.036267395126781e-33	2.890583652094799e-33	-1.5695787452385822e-33	1.362196279604558e-33	-1.1570485812557215e-33	8.64455965964388e-34	-4.388452499012825e-35	2.2184680142137907e-34	-5.064380538462727e-33	2.3156582530159043e-32	4.336712617013321e-33	4.607677209923347e-33	7.584102563723239e-32	9.883384456166802e-32	-2.301198774878345e-32	9.856511949614339e-33	-2.9738791963022315e-33	3.627579305152887e-34	-1.4964110117059234e-33	-6.263383768412224e-34
4	-9.859870562636545e-33	-5.5768653363512935e-33	2.3502251920419527e-32	0.0	3.252025441018268e-32	-1.7428215750991995e-32	2.662032740628927e-34	-4.427761113288568e-33	-1.1972070187865207e-33	-9.698057803836517e-34	9.694797496320425e-34	-2.191165539647588e-33	1.0374015304930997e-33	-6.325868636583452e-33	-1.6800067631129177e-32	1.2074248260603475e-31	-1.3928266316504015e-31	6.683392832776558e-32	-1.479158053468777e-32	-8.420985199091632e-33	-1.0422722573600512e-32	1.5747809318521443e-32	7.52503783871399e-33	3.8259723591675215e-33	9.3499792737585e-33	2.9694826246899575e-32	2.3210144798707058e-33	-3.2581459268375325e-33	-4.534937089396794e-33	-3.602050123161981e-33	-5.424903383068921e-33	-5.952720305646114e-33	-5.6436468427764887e-33	-4.445595631424187e-33	-3.900319095974467e-33	-3.0906681007597105e-33	-1.8701967038279434e-33	-3.16624224870394e-33	-8.817431023796114e-34	4.571730510043505e-34	-3.7086764292788366e-34	1.743927031122655e-33	-4.531982692049313e-34	-5.4039458281742106e-33	1.669834154771679e-32	-4.573086160104534e-32	3.182093602738326e-33	8.528513879604954e-33	-1.4297653569716365e-31	-1.373941970995819e-31	9.846866645601893e-32	1.0809179622310348e-32	-4.8789041687913404e-33	6.107740359122844e-33	-8.346175207006459e-34	-4.344892566808515e-34
5	-1.0806809118131688e-33	-5.4843446080336894e-33	-6.30617132652854e-33	3.252025441018268e-32	0.0	8.237457725067051e-33	-1.7441511331563993e-32	2.0128601111119944e-33	1.3842673936160448e-34	-8.988260047633957e-34	-3.667275910621292e-33	8.51487181343199e-33	-8.686562321194654e-33	3.9923514863165094e-32	6.784333929896777e-32	-1.90096668503472e-30	1.3206027757683315e-31	2.1054351323460128e-32	1.1344255007765438e-33	5.5739239357394776e-33	4.804517521025986e-33	-5.5917667635987534e-33	4.882415899191385e-33	-9.23897158104686e-35	-7.412039218323751e-33	-1.508198557459733e-32	4.3450501965585545e-33	-7.617509951384009e-34	-8.300744011000273e-33	-9.239165193193244e-33	3.5121875272952243e-34	1.9277350145740414e-33	3.1405620672634163e-34	1.360025395360461e-34	1.7846644305127753e-33	8.696008517490342e-34	4.967577365426435e-34	2.4006818682432628e-33	1.6047646413396116e-33	-3.2183405434444793e-35	-2.5925362070896573e-33	8.374201063391274e-33	-1.4942327862468933e-32	3.66482325462068e-32	-2.2739649745345887e-32	1.3521071816555918e-32	-8.21991848902847e-33	-1.0410494747251671e-32	1.4440216144147083e-32	1.1532789396747914e-32	-9.470695014095473e-32	2.6395499986441197e-31	-3.4034273685761155e-32	-6.832342614308634e-33	-1.4079005969963895e-33	-3.40024653048515e-33
6	-2.4564312358515923e-33	2.144747728371432e-33	-2.492856371521909e-33	-1.7428215750991995e-32	8.237457725067051e-33	0.0	2.0912656913726928e-32	-2.874038570335142e-32	6.179606038414472e-33	4.872593438488896e-34	1.0211523209982911e-33	-1.6700527683031108e-33	-2.1364868198897558e-32	1.0798676902008275e-31	-1.147307874696284e-31	8.391081214427845e-32	-2.8012465170989787e-33	-9.843681497056519e-33	1.9539193490569856e-33	-2.408060885534388e-33	-9.980460277540838e-34	1.4103848411064572e-34	-7.717347526410744e-33	-1.6808165528097338e-33	2.1723771367723847e-33	1.102422115785945e-33	-7.00901690101246e-33	2.875293921885074e-33	1.0576259169965913e-32	1.5295916655682036e-32	5.232957042924487e-33	4.15387142076804e-33	7.538179857068999e-33	7.066331348368566e-33	1.900980571068709e-33	1.301623403033032e-33	3.4582656152529296e-33	-3.891140782948412e-34	-7.185649543943763e-33	5.7736531104644855e-33	8.311430936594944e-34	-1.4084626551183e-32	3.499712480402327e-32	-7.85740371673807e-32	3.3367807879121005e-32	-4.622211681646849e-33	1.0322785398506395e-32	1.187380938163269e-32	3.149511099303476e-33	1.0297474741786305e-32	5.665240063703435e-32	-1.1762623857896525e-30	1.4942883284954842e-31	6.061194544032287e-32	-9.003627802435749e-33	-7.437685272491418e-34
7	-9.335760615540716e-34	-2.990050245562572e-33	2.1495535379727426e-33	2.662032740628927e-34	-1.7441511331563993e-32	2.0912656913726928e-32	0.0	-3.96609035064951e-32	-1.8386433064587682e-32	-1.1496688516760236e-32	-1.292949835126764e-32	4.6804481173682236e-32	3.991430005915617e-32	-1.1162728369935871e-30	1.4135642621322144e-31	-1.8817340003402673e-33	2.643972719098249e-34	3.2581654072260335e-33	7.042678426756211e-34	-1.6967707561071161e-34	6.271309442482329e-34	-6.328768204930981e-34	3.2193669305457494e-33	2.660281035213079e-33	7.021671638530963e-34	1.152637044468971e-33	8.397076308826203e-33	2.9319315233596713e-33	-9.009965206199518e-34	6.1424827471049966e-33	3.543025262168353e-33	-8.675272879511167e-34	-4.856159807475369e-33	-1.1999800467199233e-33	-1.338225459272468e-33	-4.5183322059768584e-33	-2.500708976365002e-33	-2.0242372781577144e-34	-5.9170932335741726e-33	1.0165862830591687e-32	-1.6470535619211237e-32	4.4996759936717816e-32	-2.7318877712473e-32	1.5528194117893655e-32	-7.49562824198887e-33	-4.0570419721495454e-33	-4.493717166165419e-33	-4.650912315130687e-33	-5.8619584213241705e-33	-6.1217957528611026e-33	5.699158528915337e-33	7.426559942078618e-33	-1.2597215425680296e-31	1.666278876844054e-31	-3.032883366272005e-32	-2.0400432156910386e-32
8	-1.6694256642501815e-33	1.730069300699938e-35	-5.157642256441769e-36	-4.427761113288568e-33	2.0128601111119944e-33	-2.874038570335142e-32	-3.96609035064951e-32	0.0	1.0437639501642165e-31	8.946055679993297e-33	-7.600649093007492e-33	7.938931450819989e-32	-1.008310797606705e-31	9.771783506852796e-32	-4.6834110538491676e-33	-6.507681028616754e-33	2.2410930783922216e-33	-1.5740672671589844e-33	1.253389812614399e-34	3.088757439978007e-34	5.8944438990456525e-34	-1.1729444092112197e-33	-4.2384752823517324e-33	-3.238305472494917e-33	-2.20114783135375e-33	-4.1037420939381704e-33	-9.246131411501848e-33	-3.532829847427989e-33	-1.044202769638111e-33	-8.901629400958802e-33	-4.9554137054539236e-33	1.6289141486777668e-33	5.252240382391526e-33	8.905295375447362e-34	2.9381456406945533e-33	7.326181883192242e-33	5.784761582609389e-33	2.706105981183188e-33	1.0867584488603917e-32	-2.0732249558500105e-32	3.4523615302344704e-32	-9.69983734529947e-32	3.499042429084384e-32	-1.1209906936569522e-32	6.165694374342134e-33	2.8327948445619575e-33	2.8531191102318523e-33	2.973139424922975e-33	2.2079663503334208e-33	1.0184001078140514e-33	-2.5604062727678283e-33	1.85356290367645e-32	9.006789293315824e-32	-1.7367971508772e-30	1.024286891015769e-31	2.862484288527709e-32
9	-3.134996165287416e-34	-1.3995171052353339e-33	1.896408859840267e-33	-1.1972070187865207e-33	1.3842673936160448e-34	6.179606038414472e-33	-1.8386433064587682e-32	1.0437639501642165e-31	0.0	-7.518287986392396e-32	-2.4484012293124864e-32	-7.1467230336497535e-31	2.018514975753257e-31	-4.777137735178895e-32	1.2628491237476584e-32	1.358475411615359e-33	-6.496929762061888e-34	1.3527622727542422e-33	3.1433588154581684e-34	7.524400053978816e-35	9.5509639985996e-34	-1.5636090591460208e-33	-6.84874980170649e-34	2.1199032356458184e-34	-1.2770749834801214e-33	-3.158514054876967e-33	1.2359937458398057e-34	3.4281862728904427e-34	-2.7641262048427887e-33	-3.818722661751385e-33	2.6436146601795597e-33	1.0570533186283042e-33	-3.085209370436928e-33	6.396008901339906e-34	3.855350191250392e-33	1.102408504113514e-33	-1.6794224707833202e-33	1.2318452266161666e-32	-8.267629673878818e-33	4.912009309273507e-32	-3.067279081229001e-32	2.2550880482477722e-32	-3.4470340458811825e-33	-6.474551827534476e-33	1.7689572392743156e-33	-3.462680131339723e-33	-1.5525525878816644e-33	-1.2859928082413342e-33	-3.431922331394318e-33	-3.430213319248144e-33	6.962655877614812e-33	-1.5956500213370306e-32	1.1569569986824611e-32	2.949433086384474e-32	-1.533524185974515e-31	-1.3387789642760321e-31
10	-7.6687465819820225e-34	-1.0631227434507535e-33	9.09602271624494e-34	-9.698057803836517e-34	-8.988260047633957e-34	4.872593438488896e-34	-1.1496688516760236e-32	8.946055679993297e-33	-7.518287986392396e-32	0.0	-7.485361970695238e-32	9.838591766400022e-32	-1.999096921943242e-32	5.4939511577761035e-33	-1.6335294242439401e-34	3.461824651032432e-34	-5.453437277836915e-34	4.450250119156771e-34	-6.679327698863115e-34	7.180039019960887e-34	4.716332579418635e-34	-5.232407776558227e-34	-1.2124775294834763e-33	-1.7677386773886734e-33	-1.5189050837148925e-33	-1.4221129102636489e-33	-3.273378673567185e-33	-3.1270071689779375e-33	-2.6310778738652782e-33	-5.534550423804159e-33	-6.497688191869267e-33	-3.4747512721547534e-33	-3.680731629046372e-33	-1.2339634858775583e-32	-6.494129792204384e-33	1.454501489820029e-33	-1.0246087343823019e-32	-2.305785301090529e-32	3.5704381063957224e-32	-9.617822555729637e-32	2.256621416867623e-32	-4.671502087947768e-33	2.1713674015849342e-33	-4.624495537185351e-34	9.578018345952587e-35	8.605591374156276e-34	6.275871704411099e-35	1.9359942809643724e-34	5.659809163349115e-34	-5.324376719634383e-34	-8.444818773163613e-35	4.23138664338074e-33	-6.306387844903556e-33	1.2769756052771892e-32	5.1507739546607206e-33	9.080079864112175e-32
11	-2.04231917796524e-34	-4.287028531495655e-34	-4.4026908421243325e-34	9.694797496320425e-34	-3.667275910621292e-33	1.0211523209982911e-33	-1.292949835126764e-32	-7.600649093007492e-33	-2.4484012293124864e-32	-7.485361970695238e-32	0.0	-1.0835258595014502e-31	9.123086034447316e-33	-4.8454745296218025e-33	3.9503217182858776e-33	-1.2664387854008745e-33	3.0475205837265804e-34	2.5032965490138724e-35	-1.384214116290429e-34	3.7358681706084366e-34	6.1322869695338765e-34	-9.216599896041813e-34	-1.7899315878862142e-33	-1.766291261937902e-33	-1.696035951757818e-33	-2.26533656134072e-33	-3.644498488989722e-33	-2.837652677090089e-33	-2.809475250428921e-33	-6.123782154120291e-33	-5.4453135210616065e-33	-2.7227485458627773e-33	-3.968648740799808e-33	-1.1786940736900723e-32	-4.978286428477456e-33	2.1313994773270707e-33	-1.2808626936548818e-32	-1.7957443863579537e-32	2.953135347514147e-32	-5.118962255097782e-32	1.5269448411905684e-32	-8.61395356123277e-33	4.4228452304261125e-33	-1.574764117234652e-33	1.355971351158103e-33	4.95077853229005e-34	7.644503004784953e-34	9.336591596600021e-34	5.129125868328067e-35	-3.9716486222537515e-34	2.77181633598968e-34	1.5149504636752656e-33	1.1314901855116252e-33	-1.0623641994233505e-32	1.6414819658999504e-32	3.3344068543853936e-32
12	2.047981597737349e-34	5.230215835962563e-34	1.0332617165454463e-33	-2.191165539647588e-33	8.51487181343199e-33	-1.6700527683031108e-33	4.6804481173682236e-32	7.938931450819989e-32	-7.1467230336497535e-31	9.838591766400022e-32	-1.0835258595014502e-31	0.0	6.778368242597245e-32	-2.700337782950274e-32	8.735617187737292e-33	-5.7463700981844383e-33	2.9211801580507518e-33	-1.785705179298844e-33	8.170054426782715e-34	-5.271467738144147e-34	-2.4547860636759475e-34	9.898257979946386e-35	-1.0583177985420507e-33	-7.227290913422201e-34	7.042865975130109e-35	-3.2037683920271158e-34	-2.166232036435853e-33	-6.120503728099543e-34	1.1200480078188221e-33	-1.1269316497565547e-33	-2.0929725079248076e-33	8.5132494562393e-34	3.981312108174113e-33	-1.2251345052746673e-33	-7.231204893651155e-34	4.067818579062389e-33	5.774191625462643e-33	-9.563168075687944e-33	1.4735368631210454e-32	-4.155277606399624e-32	1.8240654589930834e-32	-1.2609847752637675e-32	4.8209977174550204e-33	3.231884287643085e-34	1.0280345690560563e-33	1.2316759432508683e-33	1.6960482722669555e-33	1.6673574644895646e-33	8.651876591755881e-34	1.4124401867174035e-33	-1.810412841417438e-33	2.3780446156886464e-33	3.8366420735277294e-33	-2.3814385752936614e-32	4.0482731312550193e-32	5.518197274211422e-32
13	-6.933761201430393e-34	-3.3125745350712362e-34	-2.023841880756998e-33	1.0374015304930997e-33	-8.686562321194654e-33	-2.1364868198897558e-32	3.991430005915617e-32	-1.008310797606705e-31	2.018514975753257e-31	-1.999096921943242e-32	9.123086034447316e-33	6.778368242597245e-32	0.0	7.51742935159099e-32	-2.5678886459773235e-32	1.0148266823057318e-32	-5.0116533627019484e-33	2.5315419756723313e-33	-1.475023023803369e-33	8.693143686692175e-34	7.038721291228611e-35	4.030832880039086e-34	1.8062871221818924e-33	8.415225508247814e-34	2.6034476146516444e-34	1.663750072305181e-33	2.999643166301944e-33	5.232477945373036e-34	-7.6937573001391775e-34	2.941731140426997e-33	1.2893869081588272e-33	-1.788189419184206e-33	-4.3441827030157937e-33	6.5779841764754705e-34	-1.1776586093090281e-33	-5.267296600668253e-33	-4.495502050198167e-33	2.1867616708917095e-33	-9.964189331402041e-33	1.899108558833005e-32	-1.2116278861913258e-32	1.5148770788210802e-32	-7.325297684219992e-33	2.6463056011315328e-33	-2.6959272329663503e-33	-2.9202382811766346e-34	-2.0135347696008352e-33	-2.0912299475323437e-33	1.4197518347297667e-34	-9.254839836408138e-34	-8.452694427890653e-35	3.494037100839862e-33	-1.397350688155553e-32	4.848721892611503e-32	-3.054241931894441e-32	-2.904972739950895e-32
14	1.0983429180427935e-34	5.433122450285618e-34	4.324310047533609e-33	-6.325868636583452e-33	3.9923514863165094e-32	1.0798676902008275e-31	-1.1162728369935871e-30	9.771783506852796e-32	-4.777137735178895e-32	5.4939511577761035e-33	-4.8454745296218025e-33	-2.700337782950274e-32	7.51742935159099e-32	0.0	6.499507290209723e-32	-2.8934081151238234e-32	1.0140647271618824e-32	-5.1075673056671356e-33	2.2855532027970002e-33	-1.5605882145457137e-33	-5.381296910280425e-34	6.601460459121273e-35	-1.8850457636228216e-33	-4.5972282523501e-34	7.335492814229029e-34	-7.479365755055983e-34	-2.7294409677258873e-33	5.671237335669079e-34	3.700337113766255e-33	5.631027047565646e-34	3.324678784299393e-34	2.809383467101588e-33	8.234902748511571e-33	3.837115584944095e-33	1.2627671467872579e-33	3.1805300345462544e-33	5.443235468055492e-33	-1.9335216819528896e-33	2.400472474314922e-33	-9.065799190006839e-33	9.937789123283328e-33	-1.8482051013038193e-32	1.0231439057663653e-32	-5.2714888484847266e-33	4.486262838642795e-33	-1.7133821809060098e-34	2.887552744879384e-33	3.0452358531286244e-33	-4.66740379680597e-34	1.9218631430545496e-33	1.0471969431069527e-33	-1.2666620526571807e-32	3.00905654294281e-32	-7.108791868042057e-32	2.647082559569781e-32	1.9273784794138494e-32
15	-2.3048468855464617e-33	-2.838522253519829e-33	-3.8751676236792273e-33	-1.6800067631129177e-32	6.784333929896777e-32	-1.147307874696284e-31	1.4135642621322144e-31	-4.6834110538491676e-33	1.2628491237476584e-32	-1.6335294242439401e-34	3.9503217182858776e-33	8.735617187737292e-33	-2.5678886459773235e-32	6.499507290209723e-32	0.0	7.911160021185557e-32	-2.580730578151488e-32	9.045399266527842e-33	-4.020900446537973e-33	2.3315617931192696e-33	3.855926556972184e-34	6.893806123111207e-34	3.176909992540995e-33	7.5770633738352144e-34	-2.9820066572185477e-34	3.3676185244741154e-33	3.907913405734404e-33	-6.507237732350243e-34	-3.798698905458654e-33	1.2380383976109631e-33	-1.2179852091560927e-33	-3.599216176948692e-33	-8.526371650528025e-33	-3.7703992035654455e-33	-1.9622448926417945e-33	-3.9674901050100616e-33	-3.0020654252180326e-33	9.738479987417842e-35	-1.9705381492777888e-33	4.202970699490469e-33	-5.6267328556326555e-33	1.2100966339217468e-32	-9.280035003658833e-33	8.745334864768361e-33	-6.051016745616623e-33	2.1531151233402894e-33	-2.7878570961117856e-33	-3.173580016383247e-33	3.2466477663373255e-33	7.586274276687862e-34	-7.529824740562183e-33	2.922600084087273e-32	-2.7093154973599956e-32	2.7653346172956457e-32	-1.0327867458157851e-32	-8.911347765507069e-33
16	3.906954543146324e-33	3.421457327642638e-33	2.1245330622053355e-32	1.2074248260603475e-31	-1.90096668503472e-30	8.391081214427845e-32	-1.8817340003402673e-33	-6.507681028616754e-33	1.358475411615359e-33	3.461824651032432e-34	-1.2664387854008745e-33	-5.7463700981844383e-33	1.0148266823057318e-32	-2.8934081151238234e-32	7.911160021185557e-32	0.0	6.382942231450809e-32	-2.3064520242182466e-32	5.2329920789211806e-33	-3.26987897244646e-33	-8.16990601035894e-34	-1.0617874684280654e-33	-6.489282252787592e-33	-2.0150473992441853e-33	-7.106394378638438e-35	-8.448248047929911e-33	-8.38169224794463e-33	6.066013768148139e-34	6.960211132231972e-33	-7.66715673960545e-34	3.305429762279756e-33	5.287555326984442e-33	1.1711980087110545e-32	6.891815114372643e-33	3.153567160098542e-33	4.6138734680550404e-33	2.886801781144553e-33	1.1302256906065416e-33	5.798205154357768e-34	-1.9367802718180577e-33	4.7332440185226004e-33	-1.2819115968043408e-32	1.3316187793087382e-32	-1.8242081546664702e-32	1.0464250819014046e-32	-3.911738585343722e-33	4.055751839527031e-33	5.002106432198894e-33	-4.977060755949357e-33	-4.536656462742435e-33	2.0972728681185987e-32	-7.251741248432509e-32	3.670327904461139e-32	-1.3656932437458866e-32	5.473678143477179e-33	6.536046167391734e-33
17	-1.880780990225174e-32	-1.7398209504923037e-32	4.598958749895897e-32	-1.3928266316504015e-31	1.3206027757683315e-31	-2.8012465170989787e-33	2.643972719098249e-34	2.2410930783922216e-33	-6.496929762061888e-34	-5.453437277836915e-34	3.0475205837265804e-34	2.9211801580507518e-33	-5.0116533627019484e-33	1.0140647271618824e-32	-2.580730578151488e-32	6.382942231450809e-32	0.0	6.466610898946797e-32	-2.218661931600922e-32	8.647978006665697e-33	-1.9796939371772106e-34	4.9793290277543196e-33	8.484322052192418e-33	-2.2074470193932906e-36	-1.7955637862549847e-33	1.4754537908646213e-32	2.1071465629917762e-33	-5.977330365475794e-33	-1.6219004753365353e-32	-1.0838854100811539e-32	-6.537659523016129e-33	-6.455323339999431e-33	-1.1268468427685636e-32	-5.969326309861307e-33	-2.18143782695255e-33	-2.903147055630469e-33	-1.6181309395376745e-33	-6.013728653923617e-35	1.0758103628191872e-33	7.084302630140002e-35	-1.555669265057799e-33	4.6309312317635025e-33	-6.694852059538604e-33	1.29537873113825e-32	-9.119219048930213e-33	8.074374405134264e-33	-1.6848579427908903e-33	-2.925869296636071e-33	1.4083231460484856e-32	2.011868801277775e-32	-2.5528434480664294e-32	3.663720939600737e-32	-1.1858971658674225e-32	6.923714718525051e-34	-1.3149642808680852e-33	-2.7185870849079895e-33
18	5.538364780651146e-32	1.459063504456182e-31	-9.097733549803957e-31	6.683392832776558e-32	2.1054351323460128e-32	-9.843681497056519e-33	3.2581654072260335e-33	-1.5740672671589844e-33	1.3527622727542422e-33	4.450250119156771e-34	2.5032965490138724e-35	-1.785705179298844e-33	2.5315419756723313e-33	-5.1075673056671356e-33	9.045399266527842e-33	-2.3064520242182466e-32	6.466610898946797e-32	0.0	6.075932753411806e-32	-3.1770678580097797e-32	-3.2607211287599234e-33	-5.3977997202641794e-33	-1.0343278799548315e-32	4.903735856067648e-33	1.7598099128922176e-32	6.694814147730142e-33	6.282807507839862e-33	7.172767974496747e-33	1.7658290770519658e-32	1.3252338855125447e-32	2.6538951855003576e-33	-4.161436747014176e-34	1.3027984151669814e-33	5.801057391019359e-34	-1.2945583004762875e-33	-4.3431256577611925e-34	-8.334111242724608e-34	-1.72979438976619e-33	-9.761556864408613e-34	1.5001545361279737e-34	5.777533519495476e-34	-1.736060649883959e-33	3.9493191957303335e-33	-1.1465388891818622e-32	1.0177374857843643e-32	-1.4045893925634767e-32	-4.339621483930232e-34	1.8898230271346994e-33	-2.588780195655911e-32	-5.244523538963433e-32	3.360969711277875e-32	-1.997064832115025e-32	4.076874807275013e-33	2.4496718186845708e-33	2.3138710513251897e-34	1.3156977886270702e-33
19	-5.937526400677202e-32	-1.3095314713741077e-31	1.2277758760062943e-31	-1.479158053468777e-32	1.1344255007765438e-33	1.9539193490569856e-33	7.042678426756211e-34	1.253389812614399e-34	3.1433588154581684e-34	-6.679327698863115e-34	-1.384214116290429e-34	8.170054426782715e-34	-1.475023023803369e-33	2.2855532027970002e-33	-4.020900446537973e-33	5.2329920789211806e-33	-2.218661931600922e-32	6.075932753411806e-32	0.0	4.2347225959552205e-32	-1.311739242494311e-32	2.651194063248811e-32	4.073917034039968e-33	-1.066306838638799e-32	-2.598513159534004e-32	-1.8459073791187524e-32	-1.2153564538860512e-32	-1.0584457981149369e-32	-1.740903276208813e-32	-1.0264537937536968e-32	-3.4404711610850396e-33	-1.5231261824464031e-33	-2.6140295100832255e-33	-1.141168138592285e-33	4.077124393934437e-34	-3.77327963457669e-34	4.002150576507107e-34	1.018933849759125e-33	8.003023799275265e-34	-2.5657188109188044e-34	-6.549640296876918e-35	4.066058016714937e-34	-1.4596645379829602e-33	5.0131619529835854e-33	-5.1391478777265824e-33	9.032381224989762e-33	3.362799353692451e-33	1.1702939529703666e-33	1.4209360996405554e-32	2.8557535759852424e-32	-1.2816884349055223e-32	3.779391246022988e-33	-5.398108857257919e-34	-1.6854899496393475e-33	1.2655074020537566e-34	-6.777232011566076e-34
20	8.590168310274368e-32	1.6593936550692205e-31	5.129556761692993e-33	-8.420985199091632e-33	5.5739239357394776e-33	-2.408060885534388e-33	-1.6967707561071161e-34	3.088757439978007e-34	7.524400053978816e-35	7.180039019960887e-34	3.7358681706084366e-34	-5.271467738144147e-34	8.693143686692175e-34	-1.5605882145457137e-33	2.3315617931192696e-33	-3.26987897244646e-33	8.647978006665697e-33	-3.1770678580097797e-32	4.2347225959552205e-32	0.0	-6.414120856970448e-32	3.527722024570168e-32	1.659630618773146e-33	1.578521726928475e-33	2.753498041535346e-34	8.319374191534145e-33	-2.288098670018073e-33	-7.081921101760394e-33	-4.2984647423709266e-33	-2.7366030728528373e-34	-2.3068189281667762e-33	-3.1534084350079794e-33	-1.6305035592748348e-33	-1.30011820426823e-33	-1.7183530214081926e-33	-5.492369695124449e-34	-1.3834844915941146e-33	-1.2374993132664715e-33	5.675152950873984e-34	-6.083184899295711e-34	7.378898759760188e-34	-9.110043653107473e-34	1.2715434799473455e-33	-3.713410999031025e-33	4.897171160999928e-33	-1.1820298802640184e-32	-5.9680636374624624e-33	-3.362258679650062e-33	-1.7951042048309968e-32	-3.352643219899451e-32	1.1539554193041199e-32	-3.598453303370921e-33	1.3781789967236164e-33	4.2469582092176364e-34	6.545385630702572e-34	8.931739761341613e-34
21	-3.411272850771606e-32	-2.9960757791601615e-32	3.3779667783177694e-32	-1.0422722573600512e-32	4.804517521025986e-33	-9.980460277540838e-34	6.271309442482329e-34	5.8944438990456525e-34	9.5509639985996e-34	4.716332579418635e-34	6.1322869695338765e-34	-2.4547860636759475e-34	7.038721291228611e-35	-5.381296910280425e-34	3.855926556972184e-34	-8.16990601035894e-34	-1.9796939371772106e-34	-3.2607211287599234e-33	-1.311739242494311e-32	-6.414120856970448e-32	0.0	-4.481427737155004e-32	-2.255552993467764e-32	-7.035733162214014e-33	-5.060447595470866e-34	-1.0782379998031654e-32	-1.0659274630248085e-34	4.7570660760388166e-33	1.7269033900825953e-33	6.321229575483778e-35	1.7446205291036896e-33	2.200195971585149e-33	1.1723768978624338e-33	1.1128871156001513e-33	1.4702840699200438e-33	4.675674888471441e-34	1.2301615907592538e-33	1.0872495720524045e-33	-5.305724179303788e-34	4.748463651868888e-34	-4.633270205968405e-34	3.401944721395895e-34	-3.2061387872808015e-34	1.4532808937128087e-33	-2.2678323230961784e-33	6.85690833359227e-33	7.043292307535022e-33	3.797695847533402e-33	5.8445849219618574e-33	1.1659784479582407e-32	-4.061742716594129e-33	6.2727867484499e-34	-3.288937988142758e-34	-4.0704831832486285e-34	-3.8183921574481487e-34	-5.008879758930174e-34
22	2.2802280570688687e-32	3.037767794280476e-32	-6.253133214188072e-32	1.5747809318521443e-32	-5.5917667635987534e-33	1.4103848411064572e-34	-6.328768204930981e-34	-1.1729444092112197e-33	-1.5636090591460208e-33	-5.232407776558227e-34	-9.216599896041813e-34	9.898257979946386e-35	4.030832880039086e-34	6.601460459121273e-35	6.893806123111207e-34	-1.0617874684280654e-33	4.9793290277543196e-33	-5.3977997202641794e-33	2.651194063248811e-32	3.527722024570168e-32	-4.481427737155004e-32	0.0	-7.978287354411814e-32	5.410182153380743e-33	8.374301743586634e-32	2.492942473300655e-32	1.466780381160308e-32	1.9109246626924728e-32	1.4293684527894917e-32	7.208253109683982e-33	6.877370116617472e-33	6.864338277109108e-33	4.782941160655622e-33	3.642685820238351e-33	3.492054414383559e-33	2.2612145477796998e-33	2.0313306518653508e-33	2.1455810912110908e-33	-4.520136806829393e-34	1.8765528088912455e-34	2.6248620382453033e-34	-1.1238382477494068e-33	2.045077075840138e-33	-2.768091334363975e-33	1.682586870831041e-33	2.1590108599647757e-33	8.971190332775324e-33	3.735771489834466e-33	-3.564223036455684e-33	-4.748612087765011e-33	3.758946285910048e-33	-2.7153112147051024e-33	1.4486870851501454e-33	-8.585152692192898e-34	1.9614577876021486e-34	4.9713826680173725e-34
23	5.891968849211744e-33	-5.656534506895226e-34	-2.1013145169236868e-32	7.52503783871399e-33	4.882415899191385e-33	-7.717347526410744e-33	3.2193669305457494e-33	-4.2384752823517324e-33	-6.84874980170649e-34	-1.2124775294834763e-33	-1.7899315878862142e-33	-1.0583177985420507e-33	1.8062871221818924e-33	-1.8850457636228216e-33	3.176909992540995e-33	-6.489282252787592e-33	8.484322052192418e-33	-1.0343278799548315e-32	4.073917034039968e-33	1.659630618773146e-33	-2.255552993467764e-32	-7.978287354411814e-32	0.0	-1.366702296701103e-31	-1.3560544623315826e-31	-1.1008640453134963e-31	-5.287904412483312e-32	-3.243194988612595e-32	-2.4016251739807648e-32	-1.6662399058810428e-32	-1.22333176912586e-32	-9.795503391416696e-33	-7.460395719771557e-33	-5.8032738063946265e-33	-4.727552924428331e-33	-3.5620226563822195e-33	-2.460818693251343e-33	-2.604900918414547e-33	9.477963405354644e-34	-3.1927943183319173e-34	-5.541115715314312e-34	1.9012028757108692e-33	-4.386495512525864e-33	8.947499873341056e-33	-8.78037403345791e-33	5.915147666901698e-33	-1.1297456224031528e-32	-4.627389550519715e-33	1.1268547003322269e-32	2.845940908911669e-32	-1.2988561150600107e-32	1.605759910284535e-33	-1.2208773643195655e-33	-8.889963694348107e-35	-1.9275178000691682e-34	-1.3419996555345389e-33
24	-3.358674080596266e-33	-1.2086435386196935e-32	4.691625425556034e-33	3.8259723591675215e-33	-9.23897158104686e-35	-1.6808165528097338e-33	2.660281035213079e-33	-3.238305472494917e-33	2.1199032356458184e-34	-1.7677386773886734e-33	-1.766291261937902e-33	-7.227290913422201e-34	8.415225508247814e-34	-4.5972282523501e-34	7.5770633738352144e-34	-2.0150473992441853e-33	-2.2074470193932906e-36	4.903735856067648e-33	-1.066306838638799e-32	1.578521726928475e-33	-7.035733162214014e-33	5.410182153380743e-33	-1.366702296701103e-31	0.0	-1.3304932344773932e-31	-1.2936020315030588e-31	-1.146627024371396e-31	-5.391409343700499e-32	-3.1679942328671386e-32	-2.5654499755129727e-32	-1.965200613119647e-32	-1.3600431627935307e-32	-1.0263125790049974e-32	-8.457095001931487e-33	-6.51233079386766e-33	-5.0458184067924475e-33	-3.554041781439241e-33	-3.2153329219250535e-33	2.881360055374179e-33	-1.584700224679481e-33	6.437688712658112e-34	4.436544890247001e-34	-3.7791556276435244e-33	9.587233511527828e-33	-9.1342234072682e-33	1.4138725776353292e-33	-9.949294465494556e-33	-6.186228976354944e-33	2.9993664604318013e-33	1.1545291656235769e-32	-7.570891769719316e-33	-4.4026238838885576e-33	2.4602827475866883e-33	-2.2075686143005015e-33	1.1012383247680504e-33	-1.4072958506365036e-33
25	-5.707084265657443e-33	-1.7816973160407997e-32	7.653306485414235e-33	9.3499792737585e-33	-7.412039218323751e-33	2.1723771367723847e-33	7.021671638530963e-34	-2.20114783135375e-33	-1.2770749834801214e-33	-1.5189050837148925e-33	-1.696035951757818e-33	7.042865975130109e-35	2.6034476146516444e-34	7.335492814229029e-34	-2.9820066572185477e-34	-7.106394378638438e-35	-1.7955637862549847e-33	1.7598099128922176e-32	-2.598513159534004e-32	2.753498041535346e-34	-5.060447595470866e-34	8.374301743586634e-32	-1.3560544623315826e-31	-1.3304932344773932e-31	0.0	-9.549597281472967e-32	-1.253072090482217e-31	-1.0704711835293013e-31	-4.4891788242281475e-32	-2.7249690939636106e-32	-2.4804983040584004e-32	-1.893872521367814e-32	-1.24660944911692e-32	-9.78709357575847e-33	-8.247638225893487e-33	-5.769806677193838e-33	-4.700424938915634e-33	-3.935454691530053e-33	3.5571216906260564e-33	-2.0278404702340865e-33	1.1758864357877118e-33	-5.06796740579219e-35	-2.4428806978036013e-33	4.626685043028257e-33	-2.7730112216102386e-33	-3.721097488864627e-33	-8.22330433560465e-33	-3.947309743179948e-33	-1.370062034934653e-34	-1.5025580860513902e-33	-1.6961908518918498e-33	-2.261959549920024e-33	1.7795248250667215e-33	-1.4129187309954156e-33	1.3450763268996457e-33	-6.6540214405521266e-34
26	-4.812606079946757e-33	-1.928361204699473e-32	3.714683042880498e-33	2.9694826246899575e-32	-1.508198557459733e-32	1.102422115785945e-33	1.152637044468971e-33	-4.1037420939381704e-33	-3.158514054876967e-33	-1.4221129102636489e-33	-2.26533656134072e-33	-3.2037683920271158e-34	1.663750072305181e-33	-7.479365755055983e-34	3.3676185244741154e-33	-8.448248047929911e-33	1.4754537908646213e-32	6.694814147730142e-33	-1.8459073791187524e-32	8.319374191534145e-33	-1.0782379998031654e-32	2.492942473300655e-32	-1.1008640453134963e-31	-1.2936020315030588e-31	-9.549597281472967e-32	0.0	-1.3999152105765126e-31	-1.3763763082979871e-31	-9.945806356993066e-32	-4.395578900163369e-32	-3.02548294918831e-32	-2.619643675546862e-32	-1.8267581672911943e-32	-1.2360277431660897e-32	-9.865748658737485e-33	-7.139327040144964e-33	-5.129011964421421e-33	-4.891175747225642e-33	1.9934432084609563e-33	-9.234233363893032e-34	-3.4059333130139225e-34	2.1844925200611774e-33	-4.752538886317348e-33	6.852040326736722e-33	-3.017837051436387e-33	-3.632577497906767e-33	-8.677869094521059e-33	-3.105691582931115e-33	2.0596187283279784e-33	-7.626538799998316e-34	-5.7952555030078814e-33	2.9343714241264103e-33	-1.7207700982045442e-33	2.936429616337513e-34	1.746496838409055e-34	-1.3033097017584839e-33
27	-5.645988916750019e-33	-1.4285073290964868e-32	1.9960158315644343e-32	2.3210144798707058e-33	4.3450501965585545e-33	-7.00901690101246e-33	8.397076308826203e-33	-9.246131411501848e-33	1.2359937458398057e-34	-3.273378673567185e-33	-3.644498488989722e-33	-2.166232036435853e-33	2.999643166301944e-33	-2.7294409677258873e-33	3.907913405734404e-33	-8.38169224794463e-33	2.1071465629917762e-33	6.282807507839862e-33	-1.2153564538860512e-32	-2.288098670018073e-33	-1.0659274630248085e-34	1.466780381160308e-32	-5.287904412483312e-32	-1.146627024371396e-31	-1.253072090482217e-31	-1.3999152105765126e-31	0.0	-1.3599131955116022e-31	-1.3307877036345396e-31	-1.004517455088406e-31	-4.9277456646032104e-32	-3.186673661430625e-32	-2.516598059840074e-32	-1.810224027296172e-32	-1.2147556313401052e-32	-9.236372686973676e-33	-5.7361456153224005e-33	-5.882487001728177e-33	2.355466554246548e-33	-8.566961265863541e-34	-1.4024220954280438e-33	4.6003133798894485e-33	-1.0405133993090857e-32	1.7902116802522786e-32	-8.437577068100102e-33	-1.1077493791576463e-33	-9.141846938673219e-33	-2.8838354344556827e-33	6.293500085483198e-33	7.962951866644724e-33	-1.6885674662644657e-32	2.3141368070987887e-33	-2.671053375583654e-33	-7.982962517523974e-34	-2.1957795818832259e-35	-2.5823053586154793e-33
28	-6.206011526183282e-33	-1.2410363028181962e-32	1.9517533796241045e-32	-3.2581459268375325e-33	-7.617509951384009e-34	2.875293921885074e-33	2.9319315233596713e-33	-3.532829847427989e-33	3.4281862728904427e-34	-3.1270071689779375e-33	-2.837652677090089e-33	-6.120503728099543e-34	5.232477945373036e-34	5.671237335669079e-34	-6.507237732350243e-34	6.066013768148139e-34	-5.977330365475794e-33	7.172767974496747e-33	-1.0584457981149369e-32	-7.081921101760394e-33	4.7570660760388166e-33	1.9109246626924728e-32	-3.243194988612595e-32	-5.391409343700499e-32	-1.0704711835293013e-31	-1.3763763082979871e-31	-1.3599131955116022e-31	0.0	-1.4127650208307485e-31	-1.3653818140750693e-31	-1.1375863618968377e-31	-5.576905503362033e-32	-3.385410581970523e-32	-2.7246019251323267e-32	-1.9467185759512782e-32	-1.322996892438669e-32	-8.916262532749554e-33	-7.837928768777843e-33	7.590038999160363e-33	-3.7938157698461554e-33	1.3755414506426934e-33	1.0758155432815572e-33	-7.492725097249365e-33	1.032863674815705e-32	-4.45923201288686e-33	-4.319640494990197e-33	-6.802045149217942e-33	-2.9442368387249935e-33	-5.544789514615273e-34	-6.848714725665124e-33	-1.2006790986967073e-33	-5.521216449424163e-33	3.925679712704156e-33	-3.5884776777289386e-33	2.513455060331888e-33	-1.8058597114861567e-33
29	-6.376392450194684e-33	-1.293807038906403e-32	2.412031763586714e-32	-4.534937089396794e-33	-8.300744011000273e-33	1.0576259169965913e-32	-9.009965206199518e-34	-1.044202769638111e-33	-2.7641262048427887e-33	-2.6310778738652782e-33	-2.809475250428921e-33	1.1200480078188221e-33	-7.6937573001391775e-34	3.700337113766255e-33	-3.798698905458654e-33	6.960211132231972e-33	-1.6219004753365353e-32	1.7658290770519658e-32	-1.740903276208813e-32	-4.2984647423709266e-33	1.7269033900825953e-33	1.4293684527894917e-32	-2.4016251739807648e-32	-3.1679942328671386e-32	-4.4891788242281475e-32	-9.945806356993066e-32	-1.3307877036345396e-31	-1.4127650208307485e-31	0.0	-1.201731384191552e-31	-1.3085717573611276e-31	-1.2664154449925108e-31	-5.926834134617572e-32	-3.443203068862589e-32	-2.7958735150132524e-32	-1.8498149390736027e-32	-1.268841671213417e-32	-1.0311537850151718e-32	6.233802477474959e-33	-3.028326404355263e-33	8.129942840395456e-34	1.1751397587567988e-33	-3.3227762704487875e-33	-2.324368748425086e-35	2.1097449947312763e-33	-5.448882716724759e-33	-3.8287790370726946e-33	-8.652123482921959e-34	-3.052588902895724e-33	-1.3657477101720863e-32	5.8352826949197005e-33	-6.0987028147062085e-34	3.478019494608367e-34	-3.7822584045632805e-34	1.593941647168585e-33	-7.813617462795672e-34
30	-4.982490984960256e-33	-9.840574615034938e-33	1.6392907305861703e-32	-3.602050123161981e-33	-9.239165193193244e-33	1.5295916655682036e-32	6.1424827471049966e-33	-8.901629400958802e-33	-3.818722661751385e-33	-5.534550423804159e-33	-6.123782154120291e-33	-1.1269316497565547e-33	2.941731140426997e-33	5.631027047565646e-34	1.2380383976109631e-33	-7.66715673960545e-34	-1.0838854100811539e-32	1.3252338855125447e-32	-1.0264537937536968e-32	-2.7366030728528373e-34	6.321229575483778e-35	7.208253109683982e-33	-1.6662399058810428e-32	-2.5654499755129727e-32	-2.7249690939636106e-32	-4.395578900163369e-32	-1.004517455088406e-31	-1.3653818140750693e-31	-1.201731384191552e-31	0.0	-1.178607297039269e-31	-1.3654270041650073e-31	-1.2118073253394928e-31	-5.551340352425582e-32	-3.2316636264589355e-32	-2.418464710004126e-32	-1.488741387910868e-32	-1.3636583495347958e-32	1.789343145178487e-33	-5.7510741289942994e-34	-2.233285468362295e-33	5.352245551555946e-33	-4.2803621397274485e-33	-4.999112077556925e-33	5.999451463050719e-33	-5.48699066898936e-33	-1.746897291262841e-33	1.2351357442379083e-33	-2.219610163346609e-33	-1.766231362994127e-32	9.653362051948926e-33	9.256207042273694e-33	-7.37974609967629e-33	4.257335404071087e-33	-7.216849242878681e-34	-1.9841923553879875e-33
31	-4.274386465544161e-33	-6.94123264612542e-33	1.09188716263829e-32	-5.424903383068921e-33	3.5121875272952243e-34	5.232957042924487e-33	3.543025262168353e-33	-4.9554137054539236e-33	2.6436146601795597e-33	-6.497688191869267e-33	-5.4453135210616065e-33	-2.0929725079248076e-33	1.2893869081588272e-33	3.324678784299393e-34	-1.2179852091560927e-33	3.305429762279756e-33	-6.537659523016129e-33	2.6538951855003576e-33	-3.4404711610850396e-33	-2.3068189281667762e-33	1.7446205291036896e-33	6.877370116617472e-33	-1.22333176912586e-32	-1.965200613119647e-32	-2.4804983040584004e-32	-3.02548294918831e-32	-4.9277456646032104e-32	-1.1375863618968377e-31	-1.3085717573611276e-31	-1.178607297039269e-31	0.0	-1.2929199507279544e-31	-1.3291621219573217e-31	-1.2335569255690395e-31	-5.6462545449061e-32	-3.444340583160535e-32	-2.193607114897923e-32	-2.1259325227546648e-32	1.2147762781612524e-32	-4.5510588717360406e-33	-2.556665262528701e-33	8.429243766542717e-33	-1.0067817839416802e-32	-4.189646494418306e-33	5.581677397708818e-33	-3.639290345314837e-33	-1.0879806498239145e-33	1.2528882944308432e-33	-5.5971178052115405e-34	-1.070326459266146e-32	7.167579917548858e-33	8.054551718303249e-33	-6.143924489470577e-33	2.1743862401347314e-36	1.7654797130014823e-33	-3.267185643934259e-33
