	1	2	3	4	5	6	7	8	9	10	11	12	13	14	15	16	17	18	19	20	21	22	23	24	25	26	27	28	29	30	31	32	33	34	35	36	37	38	39	40	41	42	43	44	45	46	47	48	49	50	51	52	53	54	55	56
1	0.0	2.219722195113498e-15	-9.779045023292309e-16	-9.859870562636546e-16	-1.0806809118131687e-16	-2.4564312358515924e-16	-9.335760615540716e-17	-1.6694256642501815e-16	-3.134996165287416e-17	-7.668746581982023e-17	-2.04231917796524e-17	2.047981597737349e-17	-6.933761201430393e-17	1.0983429180427934e-17	-2.304846885546462e-16	3.9069545431463237e-16	-1.880780990225174e-15	5.5383647806511466e-15	-5.937526400677202e-15	8.590168310274368e-15	-3.411272850771606e-15	2.280228057068869e-15	5.891968849211744e-16	-3.358674080596266e-16	-5.707084265657443e-16	-4.812606079946757e-16	-5.645988916750019e-16	-6.206011526183282e-16	-6.376392450194684e-16	-4.982490984960256e-16	-4.274386465544161e-16	-4.0309551973889547e-16	-3.3836461776774604e-16	-2.7985938047489425e-16	-2.4601936841897515e-16	-2.0334238116971152e-16	-1.2801124274319843e-16	-1.6425637954707964e-16	1.149169423292812e-17	1.0400113981035764e-17	-6.063275866830468e-17	1.7318978859182256e-16	-2.956864878612584e-16	6.0962895811145e-16	-5.935335247468072e-16	5.458027556316518e-16	-1.0578759583816525e-15	-1.7156991662824892e-15	2.6254119072397073e-15	4.1451008524490874e-15	-1.4457102106788088e-15	5.908091628466109e-16	-2.4565170036641223e-16	6.878941596680432e-17	-5.410873373766933e-17	-1.2279267547506935e-16
2	2.219722195113498e-15	0.0	2.1536512210683346e-15	-5.576865336351294e-16	-5.4843446080336895e-16	2.144747728371432e-16	-2.990050245562572e-16	1.730069300699938e-18	-1.3995171052353338e-16	-1.0631227434507536e-16	-4.287028531495655e-17	5.2302158359625624e-17	-3.3125745350712364e-17	5.433122450285618e-17	-2.838522253519829e-16	3.421457327642638e-16	-1.7398209504923036e-15	1.4590635044561822e-14	-1.3095314713741077e-14	1.6593936550692205e-14	-2.9960757791601617e-15	3.0377677942804757e-15	-5.656534506895226e-17	-1.2086435386196934e-15	-1.7816973160407996e-15	-1.928361204699473e-15	-1.4285073290964867e-15	-1.2410363028181961e-15	-1.293807038906403e-15	-9.840574615034939e-16	-6.94123264612542e-16	-6.036823508631613e-16	-5.350856446401898e-16	-4.2029932840633893e-16	-3.210477917578051e-16	-2.4582212218000265e-16	-2.1847838988682727e-16	-1.892587480151088e-16	1.443771337432142e-16	-1.0820804539647614e-16	6.453757938140217e-17	-5.224671136037554e-18	-1.396108799261742e-16	4.982862692040072e-16	-3.953429598999221e-16	1.805544966827834e-16	-2.2578125879070407e-17	-9.719153889808898e-16	-9.219676571073566e-16	3.77673130224106e-15	-8.90257303386456e-16	-1.5168553806083311e-16	1.1790534788096793e-16	-1.3991902592778731e-16	1.0466504361477524e-16	-2.7584449338998653e-17
3	-9.779045023292309e-16	2.1536512210683346e-15	0.0	2.3502251920419527e-15	-6.30617132652854e-16	-2.492856371521909e-16	2.1495535379727426e-16	-5.15764225644177e-19	1.896408859840267e-16	9.09602271624494e-17	-4.4026908421243327e-17	1.0332617165454463e-16	-2.023841880756998e-16	4.324310047533609e-16	-3.875167623679227e-16	2.1245330622053353e-15	4.598958749895897e-15	-9.097733549803957e-14	1.2277758760062942e-14	5.129556761692993e-16	3.3779667783177696e-15	-6.253133214188071e-15	-2.101314516923687e-15	4.691625425556034e-16	7.653306485414234e-16	3.714683042880498e-16	1.9960158315644342e-15	1.9517533796241046e-15	2.4120317635867142e-15	1.6392907305861703e-15	1.09188716263829e-15	9.870889819256387e-16	8.406120463543785e-16	6.101538732296816e-16	4.752934057343803e-16	3.2201182352375903e-16	3.036267395126781e-16	2.890583652094799e-16	-1.5695787452385823e-16	1.362196279604558e-16	-1.1570485812557215e-16	8.644559659643879e-17	-4.3884524990128256e-18	2.2184680142137906e-17	-5.064380538462726e-16	2.315658253015904e-15	4.3367126170133215e-16	4.607677209923347e-16	7.58410256372324e-15	9.883384456166801e-15	-2.3011987748783452e-15	9.85651194961434e-16	-2.9738791963022314e-16	3.627579305152887e-17	-1.4964110117059235e-16	-6.263383768412224e-17
4	-9.859870562636546e-16	-5.576865336351294e-16	2.3502251920419527e-15	0.0	3.252025441018268e-15	-1.7428215750991996e-15	2.662032740628927e-17	-4.4277611132885683e-16	-1.1972070187865208e-16	-9.698057803836517e-17	9.694797496320426e-17	-2.191165539647588e-16	1.0374015304930996e-16	-6.325868636583453e-16	-1.6800067631129178e-15	1.2074248260603475e-14	-1.3928266316504015e-14	6.683392832776559e-15	-1.479158053468777e-15	-8.420985199091632e-16	-1.0422722573600512e-15	1.5747809318521444e-15	7.52503783871399e-16	3.8259723591675217e-16	9.3499792737585e-16	2.9694826246899574e-15	2.321014479870706e-16	-3.2581459268375324e-16	-4.534937089396795e-16	-3.602050123161981e-16	-5.424903383068921e-16	-5.952720305646114e-16	-5.643646842776489e-16	-4.445595631424187e-16	-3.9003190959744675e-16	-3.0906681007597105e-16	-1.8701967038279435e-16	-3.16624224870394e-16	-8.817431023796114e-17	4.571730510043505e-17	-3.708676429278837e-17	1.743927031122655e-16	-4.531982692049313e-17	-5.40394582817421e-16	1.669834154771679e-15	-4.573086160104534e-15	3.1820936027383257e-16	8.528513879604955e-16	-1.4297653569716364e-14	-1.373941970995819e-14	9.846866645601893e-15	1.0809179622310347e-15	-4.878904168791341e-16	6.107740359122843e-16	-8.346175207006459e-17	-4.3448925668085147e-17
5	-1.0806809118131687e-16	-5.4843446080336895e-16	-6.30617132652854e-16	3.252025441018268e-15	0.0	8.237457725067051e-16	-1.7441511331563993e-15	2.0128601111119945e-16	1.3842673936160448e-17	-8.988260047633957e-17	-3.6672759106212916e-16	8.51487181343199e-16	-8.686562321194654e-16	3.9923514863165095e-15	6.784333929896777e-15	-1.9009666850347202e-13	1.3206027757683314e-14	2.1054351323460126e-15	1.134425500776544e-16	5.573923935739478e-16	4.804517521025986e-16	-5.591766763598754e-16	4.882415899191385e-16	-9.23897158104686e-18	-7.412039218323751e-16	-1.508198557459733e-15	4.3450501965585543e-16	-7.617509951384009e-17	-8.300744011000274e-16	-9.239165193193243e-16	3.5121875272952245e-17	1.9277350145740414e-16	3.1405620672634165e-17	1.3600253953604609e-17	1.7846644305127754e-16	8.696008517490341e-17	4.967577365426435e-17	2.400681868243263e-16	1.6047646413396115e-16	-3.2183405434444793e-18	-2.5925362070896572e-16	8.374201063391275e-16	-1.4942327862468932e-15	3.66482325462068e-15	-2.273964974534589e-15	1.3521071816555918e-15	-8.21991848902847e-16	-1.041049474725167e-15	1.4440216144147082e-15	1.1532789396747914e-15	-9.470695014095473e-15	2.6395499986441197e-14	-3.4034273685761154e-15	-6.832342614308634e-16	-1.4079005969963895e-16	-3.40024653048515e-16
6	-2.4564312358515924e-16	2.144747728371432e-16	-2.492856371521909e-16	-1.7428215750991996e-15	8.237457725067051e-16	0.0	2.0912656913726927e-15	-2.874038570335142e-15	6.179606038414472e-16	4.8725934384888967e-17	1.0211523209982911e-16	-1.670052768303111e-16	-2.136486819889756e-15	1.0798676902008275e-14	-1.1473078746962841e-14	8.391081214427845e-15	-2.801246517098979e-16	-9.84368149705652e-16	1.9539193490569856e-16	-2.408060885534388e-16	-9.980460277540838e-17	1.4103848411064572e-17	-7.717347526410744e-16	-1.6808165528097338e-16	2.1723771367723848e-16	1.1024221157859449e-16	-7.009016901012461e-16	2.875293921885074e-16	1.0576259169965913e-15	1.5295916655682037e-15	5.232957042924487e-16	4.15387142076804e-16	7.538179857068999e-16	7.066331348368566e-16	1.900980571068709e-16	1.301623403033032e-16	3.4582656152529295e-16	-3.8911407829484125e-17	-7.185649543943764e-16	5.773653110464486e-16	8.311430936594943e-17	-1.4084626551183e-15	3.499712480402327e-15	-7.857403716738069e-15	3.3367807879121006e-15	-4.622211681646849e-16	1.0322785398506396e-15	1.187380938163269e-15	3.149511099303476e-16	1.0297474741786306e-15	5.665240063703434e-15	-1.1762623857896525e-13	1.4942883284954844e-14	6.061194544032287e-15	-9.003627802435748e-16	-7.437685272491418e-17
7	-9.335760615540716e-17	-2.990050245562572e-16	2.1495535379727426e-16	2.662032740628927e-17	-1.7441511331563993e-15	2.0912656913726927e-15	0.0	-3.96609035064951e-15	-1.8386433064587683e-15	-1.1496688516760236e-15	-1.2929498351267639e-15	4.680448117368224e-15	3.991430005915617e-15	-1.1162728369935871e-13	1.4135642621322144e-14	-1.8817340003402674e-16	2.6439727190982492e-17	3.2581654072260336e-16	7.042678426756212e-17	-1.6967707561071163e-17	6.271309442482329e-17	-6.328768204930981e-17	3.2193669305457495e-16	2.660281035213079e-16	7.021671638530964e-17	1.152637044468971e-16	8.397076308826203e-16	2.9319315233596713e-16	-9.009965206199519e-17	6.142482747104997e-16	3.5430252621683525e-16	-8.675272879511167e-17	-4.856159807475368e-16	-1.1999800467199232e-16	-1.338225459272468e-16	-4.518332205976858e-16	-2.500708976365002e-16	-2.0242372781577144e-17	-5.917093233574173e-16	1.0165862830591688e-15	-1.6470535619211238e-15	4.499675993671782e-15	-2.7318877712473e-15	1.5528194117893655e-15	-7.49562824198887e-16	-4.0570419721495453e-16	-4.493717166165419e-16	-4.6509123151306865e-16	-5.86195842132417e-16	-6.121795752861103e-16	5.699158528915337e-16	7.426559942078618e-16	-1.2597215425680296e-14	1.6662788768440542e-14	-3.032883366272005e-15	-2.0400432156910387e-15
8	-1.6694256642501815e-16	1.730069300699938e-18	-5.15764225644177e-19	-4.4277611132885683e-16	2.0128601111119945e-16	-2.874038570335142e-15	-3.96609035064951e-15	0.0	1.0437639501642165e-14	8.946055679993298e-16	-7.600649093007492e-16	7.93893145081999e-15	-1.008310797606705e-14	9.771783506852797e-15	-4.683411053849167e-16	-6.507681028616753e-16	2.2410930783922215e-16	-1.5740672671589844e-16	1.2533898126143991e-17	3.0887574399780075e-17	5.894443899045653e-17	-1.1729444092112198e-16	-4.2384752823517323e-16	-3.238305472494917e-16	-2.2011478313537502e-16	-4.1037420939381703e-16	-9.24613141150185e-16	-3.532829847427989e-16	-1.044202769638111e-16	-8.901629400958802e-16	-4.955413705453923e-16	1.6289141486777667e-16	5.252240382391527e-16	8.905295375447362e-17	2.9381456406945534e-16	7.326181883192243e-16	5.784761582609389e-16	2.706105981183188e-16	1.0867584488603916e-15	-2.0732249558500103e-15	3.4523615302344704e-15	-9.69983734529947e-15	3.4990424290843842e-15	-1.1209906936569523e-15	6.165694374342134e-16	2.8327948445619576e-16	2.8531191102318523e-16	2.973139424922975e-16	2.207966350333421e-16	1.0184001078140514e-16	-2.5604062727678283e-16	1.85356290367645e-15	9.006789293315824e-15	-1.7367971508772e-13	1.0242868910157689e-14	2.862484288527709e-15
9	-3.134996165287416e-17	-1.3995171052353338e-16	1.896408859840267e-16	-1.1972070187865208e-16	1.3842673936160448e-17	6.179606038414472e-16	-1.8386433064587683e-15	1.0437639501642165e-14	0.0	-7.518287986392397e-15	-2.4484012293124863e-15	-7.146723033649753e-14	2.018514975753257e-14	-4.7771377351788945e-15	1.2628491237476584e-15	1.358475411615359e-16	-6.496929762061888e-17	1.3527622727542423e-16	3.143358815458168e-17	7.524400053978816e-18	9.5509639985996e-17	-1.5636090591460208e-16	-6.84874980170649e-17	2.1199032356458185e-17	-1.2770749834801215e-16	-3.1585140548769673e-16	1.2359937458398056e-17	3.4281862728904425e-17	-2.7641262048427886e-16	-3.818722661751385e-16	2.64361466017956e-16	1.0570533186283043e-16	-3.085209370436928e-16	6.396008901339906e-17	3.8553501912503922e-16	1.1024085041135141e-16	-1.6794224707833202e-16	1.2318452266161665e-15	-8.267629673878819e-16	4.912009309273507e-15	-3.0672790812290013e-15	2.255088048247772e-15	-3.4470340458811826e-16	-6.474551827534476e-16	1.7689572392743156e-16	-3.4626801313397227e-16	-1.5525525878816644e-16	-1.285992808241334e-16	-3.4319223313943177e-16	-3.430213319248144e-16	6.962655877614811e-16	-1.5956500213370307e-15	1.1569569986824612e-15	2.949433086384474e-15	-1.533524185974515e-14	-1.3387789642760321e-14
10	-7.668746581982023e-17	-1.0631227434507536e-16	9.09602271624494e-17	-9.698057803836517e-17	-8.988260047633957e-17	4.8725934384888967e-17	-1.1496688516760236e-15	8.946055679993298e-16	-7.518287986392397e-15	0.0	-7.485361970695238e-15	9.838591766400022e-15	-1.999096921943242e-15	5.493951157776104e-16	-1.63352942424394e-17	3.4618246510324324e-17	-5.4534372778369154e-17	4.4502501191567706e-17	-6.679327698863115e-17	7.180039019960887e-17	4.7163325794186355e-17	-5.232407776558227e-17	-1.2124775294834762e-16	-1.7677386773886733e-16	-1.5189050837148925e-16	-1.422112910263649e-16	-3.273378673567185e-16	-3.1270071689779374e-16	-2.6310778738652784e-16	-5.534550423804159e-16	-6.497688191869267e-16	-3.4747512721547534e-16	-3.680731629046372e-16	-1.2339634858775583e-15	-6.494129792204385e-16	1.454501489820029e-16	-1.024608734382302e-15	-2.3057853010905292e-15	3.570438106395722e-15	-9.617822555729637e-15	2.256621416867623e-15	-4.671502087947768e-16	2.171367401584934e-16	-4.624495537185351e-17	9.578018345952588e-18	8.605591374156276e-17	6.2758717044111e-18	1.9359942809643725e-17	5.659809163349114e-17	-5.324376719634383e-17	-8.444818773163614e-18	4.23138664338074e-16	-6.306387844903557e-16	1.2769756052771893e-15	5.150773954660721e-16	9.080079864112175e-15
11	-2.04231917796524e-17	-4.287028531495655e-17	-4.4026908421243327e-17	9.694797496320426e-17	-3.6672759106212916e-16	1.0211523209982911e-16	-1.2929498351267639e-15	-7.600649093007492e-16	-2.4484012293124863e-15	-7.485361970695238e-15	0.0	-1.0835258595014503e-14	9.123086034447316e-16	-4.845474529621802e-16	3.9503217182858775e-16	-1.2664387854008746e-16	3.0475205837265803e-17	2.5032965490138726e-18	-1.3842141162904291e-17	3.7358681706084365e-17	6.132286969533877e-17	-9.216599896041814e-17	-1.7899315878862142e-16	-1.766291261937902e-16	-1.696035951757818e-16	-2.26533656134072e-16	-3.6444984889897215e-16	-2.837652677090089e-16	-2.809475250428921e-16	-6.123782154120291e-16	-5.445313521061606e-16	-2.722748545862777e-16	-3.9686487407998083e-16	-1.1786940736900723e-15	-4.978286428477457e-16	2.1313994773270707e-16	-1.2808626936548817e-15	-1.7957443863579537e-15	2.953135347514147e-15	-5.118962255097782e-15	1.5269448411905684e-15	-8.61395356123277e-16	4.4228452304261125e-16	-1.5747641172346522e-16	1.355971351158103e-16	4.95077853229005e-17	7.644503004784953e-17	9.336591596600021e-17	5.129125868328067e-18	-3.9716486222537514e-17	2.77181633598968e-17	1.5149504636752657e-16	1.131490185511625e-16	-1.0623641994233506e-15	1.6414819658999503e-15	3.3344068543853936e-15
12	2.047981597737349e-17	5.2302158359625624e-17	1.0332617165454463e-16	-2.191165539647588e-16	8.51487181343199e-16	-1.670052768303111e-16	4.680448117368224e-15	7.93893145081999e-15	-7.146723033649753e-14	9.838591766400022e-15	-1.0835258595014503e-14	0.0	6.778368242597245e-15	-2.700337782950274e-15	8.735617187737293e-16	-5.746370098184438e-16	2.9211801580507517e-16	-1.785705179298844e-16	8.170054426782716e-17	-5.271467738144147e-17	-2.4547860636759475e-17	9.898257979946387e-18	-1.0583177985420507e-16	-7.227290913422201e-17	7.042865975130109e-18	-3.2037683920271155e-17	-2.1662320364358532e-16	-6.120503728099543e-17	1.1200480078188222e-16	-1.1269316497565547e-16	-2.0929725079248076e-16	8.513249456239299e-17	3.981312108174113e-16	-1.2251345052746673e-16	-7.231204893651155e-17	4.0678185790623885e-16	5.774191625462643e-16	-9.563168075687943e-16	1.4735368631210454e-15	-4.155277606399624e-15	1.8240654589930835e-15	-1.2609847752637674e-15	4.82099771745502e-16	3.231884287643085e-17	1.0280345690560563e-16	1.2316759432508682e-16	1.6960482722669554e-16	1.6673574644895646e-16	8.651876591755882e-17	1.4124401867174036e-16	-1.810412841417438e-16	2.3780446156886465e-16	3.8366420735277295e-16	-2.3814385752936615e-15	4.048273131255019e-15	5.518197274211422e-15
13	-6.933761201430393e-17	-3.3125745350712364e-17	-2.023841880756998e-16	1.0374015304930996e-16	-8.686562321194654e-16	-2.136486819889756e-15	3.991430005915617e-15	-1.008310797606705e-14	2.018514975753257e-14	-1.999096921943242e-15	9.123086034447316e-16	6.778368242597245e-15	0.0	7.51742935159099e-15	-2.5678886459773236e-15	1.0148266823057317e-15	-5.011653362701948e-16	2.5315419756723315e-16	-1.475023023803369e-16	8.693143686692175e-17	7.03872129122861e-18	4.0308328800390864e-17	1.8062871221818925e-16	8.415225508247814e-17	2.6034476146516443e-17	1.6637500723051808e-16	2.999643166301944e-16	5.232477945373036e-17	-7.693757300139177e-17	2.9417311404269973e-16	1.2893869081588271e-16	-1.7881894191842061e-16	-4.344182703015794e-16	6.57798417647547e-17	-1.1776586093090282e-16	-5.267296600668253e-16	-4.495502050198167e-16	2.1867616708917094e-16	-9.964189331402041e-16	1.899108558833005e-15	-1.2116278861913258e-15	1.5148770788210801e-15	-7.325297684219993e-16	2.646305601131533e-16	-2.6959272329663504e-16	-2.920238281176635e-17	-2.0135347696008353e-16	-2.0912299475323436e-16	1.4197518347297667e-17	-9.254839836408138e-17	-8.452694427890653e-18	3.4940371008398617e-16	-1.397350688155553e-15	4.8487218926115036e-15	-3.054241931894441e-15	-2.904972739950895e-15
14	1.0983429180427934e-17	5.433122450285618e-17	4.324310047533609e-16	-6.325868636583453e-16	3.9923514863165095e-15	1.0798676902008275e-14	-1.1162728369935871e-13	9.771783506852797e-15	-4.7771377351788945e-15	5.493951157776104e-16	-4.845474529621802e-16	-2.700337782950274e-15	7.51742935159099e-15	0.0	6.499507290209723e-15	-2.8934081151238233e-15	1.0140647271618823e-15	-5.107567305667136e-16	2.285553202797e-16	-1.5605882145457136e-16	-5.381296910280425e-17	6.601460459121273e-18	-1.8850457636228217e-16	-4.5972282523501e-17	7.335492814229029e-17	-7.479365755055983e-17	-2.7294409677258875e-16	5.671237335669078e-17	3.700337113766255e-16	5.631027047565646e-17	3.324678784299393e-17	2.8093834671015877e-16	8.234902748511571e-16	3.837115584944095e-16	1.262767146787258e-16	3.1805300345462544e-16	5.443235468055492e-16	-1.9335216819528897e-16	2.400472474314922e-16	-9.065799190006839e-16	9.937789123283328e-16	-1.8482051013038193e-15	1.0231439057663653e-15	-5.271488848484726e-16	4.486262838642795e-16	-1.7133821809060096e-17	2.887552744879384e-16	3.0452358531286244e-16	-4.6674037968059694e-17	1.9218631430545496e-16	1.0471969431069527e-16	-1.2666620526571807e-15	3.00905654294281e-15	-7.108791868042057e-15	2.647082559569781e-15	1.927378479413849e-15
15	-2.304846885546462e-16	-2.838522253519829e-16	-3.875167623679227e-16	-1.6800067631129178e-15	6.784333929896777e-15	-1.1473078746962841e-14	1.4135642621322144e-14	-4.683411053849167e-16	1.2628491237476584e-15	-1.63352942424394e-17	3.9503217182858775e-16	8.735617187737293e-16	-2.5678886459773236e-15	6.499507290209723e-15	0.0	7.911160021185558e-15	-2.580730578151488e-15	9.045399266527842e-16	-4.020900446537973e-16	2.3315617931192695e-16	3.8559265569721836e-17	6.893806123111208e-17	3.1769099925409953e-16	7.577063373835214e-17	-2.982006657218548e-17	3.3676185244741156e-16	3.9079134057344044e-16	-6.507237732350244e-17	-3.7986989054586544e-16	1.2380383976109632e-16	-1.2179852091560928e-16	-3.599216176948692e-16	-8.526371650528025e-16	-3.7703992035654454e-16	-1.9622448926417946e-16	-3.9674901050100617e-16	-3.0020654252180326e-16	9.738479987417841e-18	-1.9705381492777887e-16	4.202970699490469e-16	-5.6267328556326555e-16	1.2100966339217467e-15	-9.280035003658832e-16	8.745334864768361e-16	-6.051016745616622e-16	2.1531151233402893e-16	-2.7878570961117857e-16	-3.173580016383247e-16	3.2466477663373257e-16	7.586274276687862e-17	-7.529824740562184e-16	2.922600084087273e-15	-2.7093154973599958e-15	2.765334617295646e-15	-1.032786745815785e-15	-8.91134776550707e-16
16	3.9069545431463237e-16	3.421457327642638e-16	2.1245330622053353e-15	1.2074248260603475e-14	-1.9009666850347202e-13	8.391081214427845e-15	-1.8817340003402674e-16	-6.507681028616753e-16	1.358475411615359e-16	3.4618246510324324e-17	-1.2664387854008746e-16	-5.746370098184438e-16	1.0148266823057317e-15	-2.8934081151238233e-15	7.911160021185558e-15	0.0	6.382942231450809e-15	-2.3064520242182466e-15	5.232992078921181e-16	-3.26987897244646e-16	-8.169906010358939e-17	-1.0617874684280655e-16	-6.489282252787592e-16	-2.0150473992441853e-16	-7.106394378638438e-18	-8.448248047929912e-16	-8.381692247944631e-16	6.066013768148139e-17	6.960211132231971e-16	-7.66715673960545e-17	3.3054297622797564e-16	5.287555326984442e-16	1.1711980087110545e-15	6.8918151143726435e-16	3.1535671600985423e-16	4.613873468055041e-16	2.886801781144553e-16	1.1302256906065416e-16	5.798205154357768e-17	-1.9367802718180576e-16	4.733244018522601e-16	-1.281911596804341e-15	1.3316187793087383e-15	-1.82420815466647e-15	1.0464250819014047e-15	-3.911738585343722e-16	4.055751839527031e-16	5.002106432198894e-16	-4.977060755949357e-16	-4.536656462742435e-16	2.097272868118599e-15	-7.25174124843251e-15	3.6703279044611396e-15	-1.3656932437458866e-15	5.473678143477179e-16	6.536046167391734e-16
17	-1.880780990225174e-15	-1.7398209504923036e-15	4.598958749895897e-15	-1.3928266316504015e-14	1.3206027757683314e-14	-2.801246517098979e-16	2.6439727190982492e-17	2.2410930783922215e-16	-6.496929762061888e-17	-5.4534372778369154e-17	3.0475205837265803e-17	2.9211801580507517e-16	-5.011653362701948e-16	1.0140647271618823e-15	-2.580730578151488e-15	6.382942231450809e-15	0.0	6.4666108989467975e-15	-2.218661931600922e-15	8.647978006665697e-16	-1.9796939371772106e-17	4.979329027754319e-16	8.484322052192419e-16	-2.207447019393291e-19	-1.7955637862549846e-16	1.4754537908646212e-15	2.1071465629917761e-16	-5.977330365475793e-16	-1.6219004753365353e-15	-1.0838854100811539e-15	-6.537659523016128e-16	-6.455323339999431e-16	-1.1268468427685635e-15	-5.969326309861307e-16	-2.18143782695255e-16	-2.9031470556304693e-16	-1.6181309395376745e-16	-6.0137286539236166e-18	1.0758103628191872e-16	7.084302630140001e-18	-1.5556692650577988e-16	4.630931231763502e-16	-6.694852059538605e-16	1.2953787311382502e-15	-9.119219048930213e-16	8.074374405134264e-16	-1.6848579427908903e-16	-2.925869296636071e-16	1.4083231460484857e-15	2.011868801277775e-15	-2.5528434480664294e-15	3.663720939600737e-15	-1.1858971658674225e-15	6.923714718525051e-17	-1.3149642808680853e-16	-2.718587084907989e-16
18	5.5383647806511466e-15	1.4590635044561822e-14	-9.097733549803957e-14	6.683392832776559e-15	2.1054351323460126e-15	-9.84368149705652e-16	3.2581654072260336e-16	-1.5740672671589844e-16	1.3527622727542423e-16	4.4502501191567706e-17	2.5032965490138726e-18	-1.785705179298844e-16	2.5315419756723315e-16	-5.107567305667136e-16	9.045399266527842e-16	-2.3064520242182466e-15	6.4666108989467975e-15	0.0	6.0759327534118065e-15	-3.17706785800978e-15	-3.2607211287599236e-16	-5.39779972026418e-16	-1.0343278799548314e-15	4.903735856067648e-16	1.7598099128922176e-15	6.694814147730142e-16	6.282807507839862e-16	7.172767974496747e-16	1.7658290770519658e-15	1.3252338855125448e-15	2.6538951855003574e-16	-4.1614367470141765e-17	1.3027984151669814e-16	5.801057391019359e-17	-1.2945583004762876e-16	-4.3431256577611924e-17	-8.334111242724608e-17	-1.7297943897661899e-16	-9.761556864408614e-17	1.5001545361279737e-17	5.777533519495476e-17	-1.736060649883959e-16	3.9493191957303336e-16	-1.1465388891818622e-15	1.0177374857843643e-15	-1.4045893925634768e-15	-4.339621483930232e-17	1.8898230271346995e-16	-2.588780195655911e-15	-5.2445235389634325e-15	3.360969711277875e-15	-1.997064832115025e-15	4.076874807275013e-16	2.4496718186845707e-16	2.3138710513251896e-17	1.3156977886270702e-16
19	-5.937526400677202e-15	-1.3095314713741077e-14	1.2277758760062942e-14	-1.479158053468777e-15	1.134425500776544e-16	1.9539193490569856e-16	7.042678426756212e-17	1.2533898126143991e-17	3.143358815458168e-17	-6.679327698863115e-17	-1.3842141162904291e-17	8.170054426782716e-17	-1.475023023803369e-16	2.285553202797e-16	-4.020900446537973e-16	5.232992078921181e-16	-2.218661931600922e-15	6.0759327534118065e-15	0.0	4.2347225959552205e-15	-1.3117392424943112e-15	2.651194063248811e-15	4.073917034039968e-16	-1.066306838638799e-15	-2.598513159534004e-15	-1.8459073791187526e-15	-1.2153564538860512e-15	-1.0584457981149368e-15	-1.740903276208813e-15	-1.0264537937536969e-15	-3.4404711610850396e-16	-1.5231261824464032e-16	-2.6140295100832253e-16	-1.141168138592285e-16	4.077124393934437e-17	-3.77327963457669e-17	4.002150576507107e-17	1.018933849759125e-16	8.003023799275264e-17	-2.5657188109188046e-17	-6.549640296876918e-18	4.066058016714937e-17	-1.4596645379829602e-16	5.013161952983586e-16	-5.139147877726583e-16	9.032381224989763e-16	3.362799353692451e-16	1.1702939529703666e-16	1.4209360996405554e-15	2.8557535759852424e-15	-1.2816884349055223e-15	3.779391246022988e-16	-5.3981088572579185e-17	-1.6854899496393474e-16	1.2655074020537565e-17	-6.777232011566076e-17
20	8.590168310274368e-15	1.6593936550692205e-14	5.129556761692993e-16	-8.420985199091632e-16	5.573923935739478e-16	-2.408060885534388e-16	-1.6967707561071163e-17	3.0887574399780075e-17	7.524400053978816e-18	7.180039019960887e-17	3.7358681706084365e-17	-5.271467738144147e-17	8.693143686692175e-17	-1.5605882145457136e-16	2.3315617931192695e-16	-3.26987897244646e-16	8.647978006665697e-16	-3.17706785800978e-15	4.2347225959552205e-15	0.0	-6.4141208569704476e-15	3.527722024570168e-15	1.659630618773146e-16	1.578521726928475e-16	2.7534980415353457e-17	8.319374191534145e-16	-2.288098670018073e-16	-7.081921101760394e-16	-4.2984647423709264e-16	-2.7366030728528372e-17	-2.3068189281667765e-16	-3.1534084350079796e-16	-1.6305035592748348e-16	-1.3001182042682301e-16	-1.7183530214081926e-16	-5.4923696951244486e-17	-1.3834844915941147e-16	-1.2374993132664716e-16	5.675152950873984e-17	-6.083184899295711e-17	7.378898759760189e-17	-9.110043653107474e-17	1.2715434799473455e-16	-3.713410999031025e-16	4.897171160999928e-16	-1.1820298802640184e-15	-5.968063637462462e-16	-3.362258679650062e-16	-1.7951042048309968e-15	-3.352643219899451e-15	1.15395541930412e-15	-3.5984533033709207e-16	1.3781789967236163e-16	4.2469582092176363e-17	6.545385630702572e-17	8.931739761341612e-17
21	-3.411272850771606e-15	-2.9960757791601617e-15	3.3779667783177696e-15	-1.0422722573600512e-15	4.804517521025986e-16	-9.980460277540838e-17	6.271309442482329e-17	5.894443899045653e-17	9.5509639985996e-17	4.7163325794186355e-17	6.132286969533877e-17	-2.4547860636759475e-17	7.03872129122861e-18	-5.381296910280425e-17	3.8559265569721836e-17	-8.169906010358939e-17	-1.9796939371772106e-17	-3.2607211287599236e-16	-1.3117392424943112e-15	-6.4141208569704476e-15	0.0	-4.481427737155004e-15	-2.255552993467764e-15	-7.035733162214013e-16	-5.060447595470866e-17	-1.0782379998031653e-15	-1.0659274630248085e-17	4.757066076038817e-16	1.7269033900825954e-16	6.321229575483778e-18	1.7446205291036895e-16	2.200195971585149e-16	1.1723768978624338e-16	1.1128871156001513e-16	1.4702840699200438e-16	4.6756748884714406e-17	1.2301615907592538e-16	1.0872495720524046e-16	-5.305724179303788e-17	4.7484636518688884e-17	-4.633270205968405e-17	3.401944721395895e-17	-3.2061387872808016e-17	1.4532808937128088e-16	-2.2678323230961786e-16	6.856908333592271e-16	7.043292307535022e-16	3.797695847533402e-16	5.844584921961857e-16	1.1659784479582408e-15	-4.061742716594129e-16	6.272786748449901e-17	-3.2889379881427584e-17	-4.070483183248628e-17	-3.8183921574481486e-17	-5.008879758930174e-17
22	2.280228057068869e-15	3.0377677942804757e-15	-6.253133214188071e-15	1.5747809318521444e-15	-5.591766763598754e-16	1.4103848411064572e-17	-6.328768204930981e-17	-1.1729444092112198e-16	-1.5636090591460208e-16	-5.232407776558227e-17	-9.216599896041814e-17	9.898257979946387e-18	4.0308328800390864e-17	6.601460459121273e-18	6.893806123111208e-17	-1.0617874684280655e-16	4.979329027754319e-16	-5.39779972026418e-16	2.651194063248811e-15	3.527722024570168e-15	-4.481427737155004e-15	0.0	-7.978287354411814e-15	5.410182153380743e-16	8.374301743586634e-15	2.4929424733006553e-15	1.466780381160308e-15	1.910924662692473e-15	1.4293684527894917e-15	7.208253109683982e-16	6.877370116617472e-16	6.864338277109107e-16	4.782941160655622e-16	3.642685820238351e-16	3.492054414383559e-16	2.2612145477796997e-16	2.0313306518653508e-16	2.1455810912110909e-16	-4.5201368068293936e-17	1.8765528088912457e-17	2.6248620382453033e-17	-1.1238382477494069e-16	2.0450770758401382e-16	-2.7680913343639753e-16	1.682586870831041e-16	2.1590108599647758e-16	8.971190332775323e-16	3.7357714898344664e-16	-3.5642230364556843e-16	-4.748612087765012e-16	3.7589462859100477e-16	-2.7153112147051023e-16	1.4486870851501454e-16	-8.585152692192898e-17	1.9614577876021485e-17	4.971382668017373e-17
23	5.891968849211744e-16	-5.656534506895226e-17	-2.101314516923687e-15	7.52503783871399e-16	4.882415899191385e-16	-7.717347526410744e-16	3.2193669305457495e-16	-4.2384752823517323e-16	-6.84874980170649e-17	-1.2124775294834762e-16	-1.7899315878862142e-16	-1.0583177985420507e-16	1.8062871221818925e-16	-1.8850457636228217e-16	3.1769099925409953e-16	-6.489282252787592e-16	8.484322052192419e-16	-1.0343278799548314e-15	4.073917034039968e-16	1.659630618773146e-16	-2.255552993467764e-15	-7.978287354411814e-15	0.0	-1.366702296701103e-14	-1.3560544623315826e-14	-1.1008640453134964e-14	-5.287904412483313e-15	-3.243194988612595e-15	-2.401625173980765e-15	-1.6662399058810427e-15	-1.22333176912586e-15	-9.795503391416697e-16	-7.460395719771557e-16	-5.803273806394627e-16	-4.727552924428331e-16	-3.5620226563822194e-16	-2.460818693251343e-16	-2.604900918414547e-16	9.477963405354644e-17	-3.192794318331917e-17	-5.5411157153143115e-17	1.901202875710869e-16	-4.3864955125258635e-16	8.947499873341057e-16	-8.780374033457911e-16	5.915147666901698e-16	-1.1297456224031528e-15	-4.627389550519714e-16	1.1268547003322269e-15	2.845940908911669e-15	-1.2988561150600107e-15	1.605759910284535e-16	-1.2208773643195655e-16	-8.889963694348107e-18	-1.9275178000691682e-17	-1.341999655534539e-16
24	-3.358674080596266e-16	-1.2086435386196934e-15	4.691625425556034e-16	3.8259723591675217e-16	-9.23897158104686e-18	-1.6808165528097338e-16	2.660281035213079e-16	-3.238305472494917e-16	2.1199032356458185e-17	-1.7677386773886733e-16	-1.766291261937902e-16	-7.227290913422201e-17	8.415225508247814e-17	-4.5972282523501e-17	7.577063373835214e-17	-2.0150473992441853e-16	-2.207447019393291e-19	4.903735856067648e-16	-1.066306838638799e-15	1.578521726928475e-16	-7.035733162214013e-16	5.410182153380743e-16	-1.366702296701103e-14	0.0	-1.3304932344773932e-14	-1.2936020315030588e-14	-1.146627024371396e-14	-5.391409343700499e-15	-3.1679942328671387e-15	-2.565449975512973e-15	-1.965200613119647e-15	-1.3600431627935307e-15	-1.0263125790049974e-15	-8.457095001931487e-16	-6.51233079386766e-16	-5.045818406792447e-16	-3.5540417814392414e-16	-3.2153329219250534e-16	2.8813600553741787e-16	-1.5847002246794807e-16	6.437688712658112e-17	4.4365448902470007e-17	-3.7791556276435246e-16	9.587233511527827e-16	-9.1342234072682e-16	1.4138725776353293e-16	-9.949294465494556e-16	-6.186228976354944e-16	2.9993664604318016e-16	1.1545291656235768e-15	-7.570891769719317e-16	-4.4026238838885577e-16	2.4602827475866885e-16	-2.2075686143005017e-16	1.1012383247680504e-16	-1.4072958506365035e-16
25	-5.707084265657443e-16	-1.7816973160407996e-15	7.653306485414234e-16	9.3499792737585e-16	-7.412039218323751e-16	2.1723771367723848e-16	7.021671638530964e-17	-2.2011478313537502e-16	-1.2770749834801215e-16	-1.5189050837148925e-16	-1.696035951757818e-16	7.042865975130109e-18	2.6034476146516443e-17	7.335492814229029e-17	-2.982006657218548e-17	-7.106394378638438e-18	-1.7955637862549846e-16	1.7598099128922176e-15	-2.598513159534004e-15	2.7534980415353457e-17	-5.060447595470866e-17	8.374301743586634e-15	-1.3560544623315826e-14	-1.3304932344773932e-14	0.0	-9.549597281472967e-15	-1.253072090482217e-14	-1.0704711835293014e-14	-4.489178824228147e-15	-2.7249690939636107e-15	-2.4804983040584005e-15	-1.893872521367814e-15	-1.2466094491169202e-15	-9.78709357575847e-16	-8.247638225893487e-16	-5.769806677193838e-16	-4.700424938915633e-16	-3.935454691530053e-16	3.5571216906260563e-16	-2.0278404702340865e-16	1.1758864357877118e-16	-5.06796740579219e-18	-2.4428806978036014e-16	4.626685043028257e-16	-2.7730112216102384e-16	-3.721097488864627e-16	-8.223304335604649e-16	-3.947309743179948e-16	-1.370062034934653e-17	-1.5025580860513902e-16	-1.6961908518918497e-16	-2.2619595499200243e-16	1.7795248250667215e-16	-1.4129187309954157e-16	1.3450763268996458e-16	-6.654021440552127e-17
26	-4.812606079946757e-16	-1.928361204699473e-15	3.714683042880498e-16	2.9694826246899574e-15	-1.508198557459733e-15	1.1024221157859449e-16	1.152637044468971e-16	-4.1037420939381703e-16	-3.1585140548769673e-16	-1.422112910263649e-16	-2.26533656134072e-16	-3.2037683920271155e-17	1.6637500723051808e-16	-7.479365755055983e-17	3.3676185244741156e-16	-8.448248047929912e-16	1.4754537908646212e-15	6.694814147730142e-16	-1.8459073791187526e-15	8.319374191534145e-16	-1.0782379998031653e-15	2.4929424733006553e-15	-1.1008640453134964e-14	-1.2936020315030588e-14	-9.549597281472967e-15	0.0	-1.3999152105765126e-14	-1.3763763082979872e-14	-9.945806356993066e-15	-4.395578900163369e-15	-3.02548294918831e-15	-2.619643675546862e-15	-1.8267581672911945e-15	-1.2360277431660896e-15	-9.865748658737485e-16	-7.139327040144964e-16	-5.129011964421422e-16	-4.891175747225642e-16	1.9934432084609564e-16	-9.234233363893032e-17	-3.405933313013923e-17	2.1844925200611775e-16	-4.752538886317348e-16	6.852040326736722e-16	-3.017837051436387e-16	-3.632577497906767e-16	-8.677869094521059e-16	-3.1056915829311147e-16	2.0596187283279784e-16	-7.626538799998316e-17	-5.795255503007881e-16	2.93437142412641e-16	-1.7207700982045442e-16	2.936429616337513e-17	1.7464968384090552e-17	-1.303309701758484e-16
27	-5.645988916750019e-16	-1.4285073290964867e-15	1.9960158315644342e-15	2.321014479870706e-16	4.3450501965585543e-16	-7.009016901012461e-16	8.397076308826203e-16	-9.24613141150185e-16	1.2359937458398056e-17	-3.273378673567185e-16	-3.6444984889897215e-16	-2.1662320364358532e-16	2.999643166301944e-16	-2.7294409677258875e-16	3.9079134057344044e-16	-8.381692247944631e-16	2.1071465629917761e-16	6.282807507839862e-16	-1.2153564538860512e-15	-2.288098670018073e-16	-1.0659274630248085e-17	1.466780381160308e-15	-5.287904412483313e-15	-1.146627024371396e-14	-1.253072090482217e-14	-1.3999152105765126e-14	0.0	-1.3599131955116022e-14	-1.3307877036345396e-14	-1.0045174550884059e-14	-4.9277456646032105e-15	-3.1866736614306248e-15	-2.5165980598400737e-15	-1.810224027296172e-15	-1.2147556313401051e-15	-9.236372686973675e-16	-5.736145615322401e-16	-5.882487001728177e-16	2.355466554246548e-16	-8.566961265863541e-17	-1.4024220954280438e-16	4.600313379889448e-16	-1.0405133993090858e-15	1.7902116802522786e-15	-8.437577068100101e-16	-1.1077493791576463e-16	-9.141846938673219e-16	-2.883835434455683e-16	6.293500085483199e-16	7.962951866644724e-16	-1.6885674662644657e-15	2.3141368070987885e-16	-2.671053375583654e-16	-7.982962517523974e-17	-2.1957795818832257e-18	-2.5823053586154794e-16
28	-6.206011526183282e-16	-1.2410363028181961e-15	1.9517533796241046e-15	-3.2581459268375324e-16	-7.617509951384009e-17	2.875293921885074e-16	2.9319315233596713e-16	-3.532829847427989e-16	3.4281862728904425e-17	-3.1270071689779374e-16	-2.837652677090089e-16	-6.120503728099543e-17	5.232477945373036e-17	5.671237335669078e-17	-6.507237732350244e-17	6.066013768148139e-17	-5.977330365475793e-16	7.172767974496747e-16	-1.0584457981149368e-15	-7.081921101760394e-16	4.757066076038817e-16	1.910924662692473e-15	-3.243194988612595e-15	-5.391409343700499e-15	-1.0704711835293014e-14	-1.3763763082979872e-14	-1.3599131955116022e-14	0.0	-1.4127650208307485e-14	-1.3653818140750694e-14	-1.1375863618968378e-14	-5.576905503362033e-15	-3.3854105819705227e-15	-2.724601925132327e-15	-1.9467185759512784e-15	-1.322996892438669e-15	-8.916262532749554e-16	-7.837928768777843e-16	7.590038999160363e-16	-3.7938157698461555e-16	1.3755414506426934e-16	1.0758155432815572e-16	-7.492725097249365e-16	1.032863674815705e-15	-4.45923201288686e-16	-4.319640494990197e-16	-6.802045149217942e-16	-2.9442368387249934e-16	-5.544789514615273e-17	-6.848714725665124e-16	-1.2006790986967074e-16	-5.521216449424163e-16	3.9256797127041563e-16	-3.5884776777289387e-16	2.513455060331888e-16	-1.8058597114861567e-16
29	-6.376392450194684e-16	-1.293807038906403e-15	2.4120317635867142e-15	-4.534937089396795e-16	-8.300744011000274e-16	1.0576259169965913e-15	-9.009965206199519e-17	-1.044202769638111e-16	-2.7641262048427886e-16	-2.6310778738652784e-16	-2.809475250428921e-16	1.1200480078188222e-16	-7.693757300139177e-17	3.700337113766255e-16	-3.7986989054586544e-16	6.960211132231971e-16	-1.6219004753365353e-15	1.7658290770519658e-15	-1.740903276208813e-15	-4.2984647423709264e-16	1.7269033900825954e-16	1.4293684527894917e-15	-2.401625173980765e-15	-3.1679942328671387e-15	-4.489178824228147e-15	-9.945806356993066e-15	-1.3307877036345396e-14	-1.4127650208307485e-14	0.0	-1.201731384191552e-14	-1.3085717573611276e-14	-1.2664154449925108e-14	-5.926834134617572e-15	-3.4432030688625887e-15	-2.7958735150132524e-15	-1.8498149390736027e-15	-1.268841671213417e-15	-1.0311537850151717e-15	6.233802477474959e-16	-3.028326404355263e-16	8.129942840395455e-17	1.175139758756799e-16	-3.3227762704487876e-16	-2.324368748425086e-18	2.1097449947312762e-16	-5.448882716724759e-16	-3.828779037072695e-16	-8.652123482921959e-17	-3.052588902895724e-16	-1.3657477101720862e-15	5.835282694919701e-16	-6.098702814706208e-17	3.478019494608367e-17	-3.7822584045632805e-17	1.5939416471685852e-16	-7.813617462795671e-17
30	-4.982490984960256e-16	-9.840574615034939e-16	1.6392907305861703e-15	-3.602050123161981e-16	-9.239165193193243e-16	1.5295916655682037e-15	6.142482747104997e-16	-8.901629400958802e-16	-3.818722661751385e-16	-5.534550423804159e-16	-6.123782154120291e-16	-1.1269316497565547e-16	2.9417311404269973e-16	5.631027047565646e-17	1.2380383976109632e-16	-7.66715673960545e-17	-1.0838854100811539e-15	1.3252338855125448e-15	-1.0264537937536969e-15	-2.7366030728528372e-17	6.321229575483778e-18	7.208253109683982e-16	-1.6662399058810427e-15	-2.565449975512973e-15	-2.7249690939636107e-15	-4.395578900163369e-15	-1.0045174550884059e-14	-1.3653818140750694e-14	-1.201731384191552e-14	0.0	-1.1786072970392692e-14	-1.3654270041650073e-14	-1.2118073253394929e-14	-5.5513403524255816e-15	-3.2316636264589354e-15	-2.418464710004126e-15	-1.488741387910868e-15	-1.3636583495347958e-15	1.7893431451784873e-16	-5.7510741289943e-17	-2.233285468362295e-16	5.352245551555946e-16	-4.2803621397274483e-16	-4.9991120775569255e-16	5.99945146305072e-16	-5.48699066898936e-16	-1.7468972912628412e-16	1.2351357442379083e-16	-2.219610163346609e-16	-1.766231362994127e-15	9.653362051948925e-16	9.256207042273694e-16	-7.37974609967629e-16	4.257335404071087e-16	-7.216849242878681e-17	-1.9841923553879875e-16
31	-4.274386465544161e-16	-6.94123264612542e-16	1.09188716263829e-15	-5.424903383068921e-16	3.5121875272952245e-17	5.232957042924487e-16	3.5430252621683525e-16	-4.955413705453923e-16	2.64361466017956e-16	-6.497688191869267e-16	-5.445313521061606e-16	-2.0929725079248076e-16	1.2893869081588271e-16	3.324678784299393e-17	-1.2179852091560928e-16	3.3054297622797564e-16	-6.537659523016128e-16	2.6538951855003574e-16	-3.4404711610850396e-16	-2.3068189281667765e-16	1.7446205291036895e-16	6.877370116617472e-16	-1.22333176912586e-15	-1.965200613119647e-15	-2.4804983040584005e-15	-3.02548294918831e-15	-4.9277456646032105e-15	-1.1375863618968378e-14	-1.3085717573611276e-14	-1.1786072970392692e-14	0.0	-1.2929199507279544e-14	-1.3291621219573216e-14	-1.2335569255690395e-14	-5.646254544906099e-15	-3.444340583160535e-15	-2.193607114897923e-15	-2.125932522754665e-15	1.2147762781612525e-15	-4.55105887173604e-16	-2.5566652625287013e-16	8.429243766542717e-16	-1.0067817839416802e-15	-4.1896464944183063e-16	5.581677397708818e-16	-3.639290345314837e-16	-1.0879806498239144e-16	1.2528882944308432e-16	-5.59711780521154e-17	-1.070326459266146e-15	7.167579917548858e-16	8.054551718303249e-16	-6.143924489470577e-16	2.174386240134731e-19	1.7654797130014823e-16	-3.267185643934259e-16
